k20=-281/0.912;
k40=-344/(1.25e-2);
k60=-88/(2.09e-4);
k44=93/(-2.82e-2);
k64=104/(-2.77e-3);

B20=212;
B40=211;
B60=-111;
B44=-206;
B64=79;

D20=B20/k20;
D40=B40/k40;
D60=B60/k60;
D44=B44/k44;
D64=B64/k64;