k20=-284/0.912;
k40=-344/(1.25e-2);
k60=-88/(2.09e-4);
k44=93/(-2.82e-2);
k64=104/(-2.77e-3);

B20=-0.1659516692*k20;
B40=-0.013873789*k40;
B60=0.000289119127*k60;
B44=-0.0665366889*k44;
B64=0.0019868511947*k64;
